                   feature  importance_mean  importance_std  val_imp_0  \
37             meslek-krlm         0.004494        0.002000   0.000640
28             SIGORTA_TIP         0.003786        0.003619   0.001437
69        MUSTERI_SEGMENTI         0.002412        0.001814   0.000249
35             KAPSAM_TIPI         0.002377        0.001268   0.002711
74          DAGITIM_KANALI         0.002161        0.003232   0.001346
50           ts_2_vade_min         0.002067        0.002455   0.003000
62                 vade_up         0.001932        0.002080   0.000803
27                     YAS         0.001883        0.001714   0.001200
1   last_change_months_ago         0.001860        0.003355  -0.001933
65  SENE_SONU_HESAP_DEGERI         0.001839        0.002565   0.000045
9        YATIRIM_KARAKTERI         0.001778        0.002510   0.000762
36           ts_1_vade_max         0.001586        0.002147   0.002290
39       odenen_vade_tutar         0.001388        0.003795   0.000190
48           BASLANGIC_YAS         0.001362        0.001246   0.000745
20           ts_3_vade_min         0.001351        0.001591  -0.000141
56            POLICE_SEHIR         0.001267        0.003048  -0.002713
13            month_passed         0.001260        0.001131   0.001656
17         ts_2_odenen_sum         0.001243        0.001938   0.000704
43         ts_2_odenen_min         0.001243        0.002805   0.000123
24            EGITIM_DURUM         0.001211        0.002449  -0.000636
59         ts_3_odenen_max         0.001153        0.002739   0.001461
64               vade_down         0.001123        0.003047   0.000518
0         ts_2_odenen_mean         0.001097        0.001591   0.000290
29           ts_1_vade_min         0.001012        0.002193  -0.000223
23                   GELIR         0.001000        0.002643   0.000127
51  odenen_up_1_th_quarter         0.000992        0.002022  -0.002837
12                CINSIYET         0.000968        0.002424  -0.002057
68  SENE_BASI_HESAP_DEGERI         0.000904        0.002576   0.000786
40         SOZLESME_KOKENI         0.000901        0.001808   0.002006
45           ts_4_vade_min         0.000889        0.001923   0.000477
6     vade_up_0_th_quarter         0.000834        0.002665   0.000681
4               vade/gelir         0.000803        0.001939  -0.001439
67         ts_3_odenen_min         0.000794        0.000934   0.000832
66               OFFICE_ID         0.000731        0.003666  -0.002490
42   under_months_all_year         0.000726        0.001653  -0.002305
46                    ss_0         0.000721        0.001546  -0.000123
32            BASLANGIC_ay         0.000713        0.002521  -0.002716
81            KAPSAM_GRUBU         0.000705        0.003160   0.000431
11          MESLEK_KIRILIM         0.000677        0.002555   0.000803
73          POLICE_COUNTRY         0.000669        0.002539  -0.002036
22        ts_3_odenen_mean         0.000619        0.001736  -0.000123
30  odenen_up_2_th_quarter         0.000583        0.001208   0.000000
7           hesap_degisimi         0.000448        0.002552   0.001095
61      ARALIK_VADE_TUTARI         0.000406        0.002062   0.001217
25     hesap_degisimi_faiz         0.000371        0.004124  -0.002056
57                  MESLEK         0.000351        0.002666  -0.002466
14         ts_1_odenen_min         0.000326        0.001295  -0.000305
5             under_months         0.000165        0.000331   0.000827
8          ts_2_odenen_max         0.000156        0.002462  -0.002898
16           ts_3_vade_max         0.000155        0.001493  -0.002118
31         ts_1_odenen_max         0.000094        0.000891  -0.000925
70              MEDENI_HAL         0.000094        0.001494   0.000127
2     vade_up_2_th_quarter         0.000020        0.001177   0.000331
26    zero_months_all_year         0.000000        0.000000   0.000000
3              year_passed         0.000000        0.000000   0.000000
71          ts_4_vade_mean         0.000000        0.000000   0.000000
76          ts_2_vade_mean         0.000000        0.000000   0.000000
77           BASLANGIC_yil         0.000000        0.000000   0.000000
60         ts_1_odenen_sum         0.000000        0.000000   0.000000
52        ts_1_odenen_mean         0.000000        0.000000   0.000000
58         ts_4_odenen_sum         0.000000        0.000000   0.000000
55                MEMLEKET         0.000000        0.000000   0.000000
19          yatirim_k_null         0.000000        0.000000   0.000000
84           ts_1_vade_sum         0.000000        0.000000   0.000000
34      well_paid_customer         0.000000        0.000000   0.000000
18          ts_1_vade_mean         0.000000        0.000000   0.000000
83                    sb_0         0.000000        0.000000   0.000000
38    vade_up_1_th_quarter         0.000000        0.000000   0.000000
41                   UYRUK         0.000000        0.000000   0.000000
44        vade_not_changed         0.000000        0.000000   0.000000
47   SOZLESME_KOKENI_DETAY         0.000000        0.000000   0.000000
82           ts_3_vade_sum         0.000000        0.000000   0.000000
10           ts_4_vade_sum         0.000000        0.000000   0.000000
79        ts_4_odenen_mean         0.000000        0.000000   0.000000
21          ts_3_vade_mean         0.000000        0.000000   0.000000
78         ts_3_odenen_sum         0.000000        0.000000   0.000000
63            COCUK_SAYISI        -0.000023        0.001427  -0.002221
53  odenen_up_0_th_quarter        -0.000105        0.001518  -0.001275
72          sozlesme-koken        -0.000187        0.001922  -0.001810
85             zero_months        -0.000263        0.002496  -0.000164
54           ts_4_vade_max        -0.000322        0.002352  -0.000967
33         ts_4_odenen_min        -0.000327        0.002939  -0.004579
15          ratio_increase        -0.000341        0.002591  -0.002118
75           ts_2_vade_max        -0.000379        0.002240  -0.002796
49           ts_2_vade_sum        -0.000394        0.000787   0.000000
80         ts_4_odenen_max        -0.000638        0.000921  -0.001110

    val_imp_1  val_imp_2  val_imp_3  val_imp_4
37   0.005111   0.006097   0.004656   0.005965
28   0.003471   0.003440   0.000036   0.010545
69   0.000653   0.003538   0.002487   0.005134
35   0.003181   0.000502   0.004068   0.001425
74  -0.000961  -0.001200   0.004415   0.007206
50  -0.000762   0.000196   0.001644   0.006259
62   0.001155   0.000311   0.001359   0.006032
27   0.002704  -0.001123   0.002860   0.003772
1    0.002910   0.000271   0.000226   0.007827
65   0.003094  -0.001200   0.001132   0.006125
9    0.000819  -0.000619   0.001295   0.006632
36   0.000000  -0.001548   0.004630   0.002559
39   0.001776  -0.002939  -0.000432   0.008345
48  -0.000638   0.001398   0.002811   0.002496
20   0.004181  -0.000194   0.001539   0.001368
56   0.002403  -0.001239   0.001853   0.006032
13   0.000851   0.000696  -0.000123   0.003221
17   0.000429   0.000000   0.000000   0.005082
43   0.001082  -0.000542  -0.001108   0.006659
24  -0.001511  -0.000077   0.004549   0.003732
59  -0.000342  -0.000619  -0.001088   0.006352
64  -0.002540  -0.001663   0.004697   0.004603
0   -0.000270   0.001395   0.000000   0.004070
29  -0.001641   0.000196   0.001992   0.004735
23   0.000000  -0.002941   0.003305   0.004508
51   0.002008   0.001513   0.001173   0.003102
12  -0.001191   0.001239   0.002114   0.004735
68   0.000270  -0.002207   0.000041   0.005631
40  -0.002350   0.001242   0.000619   0.002988
45  -0.000620  -0.000387   0.000330   0.004644
6   -0.001971   0.000158  -0.000555   0.005858
4    0.000693  -0.000891   0.001661   0.003990
67   0.001551   0.000037  -0.000493   0.002044
66   0.001175  -0.000581  -0.002048   0.007599
42   0.000805   0.001047   0.002714   0.001368
46   0.000588  -0.000581   0.000000   0.003723
32   0.000469   0.002295  -0.001006   0.004523
81  -0.004128   0.003576  -0.000985   0.004629
11  -0.001731  -0.001549   0.000512   0.005350
73   0.000000   0.001549  -0.001292   0.005123
22  -0.000270  -0.000581   0.000000   0.004070
30   0.000000   0.000000  -0.000082   0.002998
7   -0.001920  -0.002322   0.000597   0.004790
61   0.000263  -0.003173   0.000534   0.003190
25  -0.000191  -0.001200  -0.003091   0.008395
57   0.002256  -0.002746   0.000575   0.004135
14   0.001743   0.001510  -0.001807   0.000490
5    0.000000   0.000000   0.000000   0.000000
8   -0.001971  -0.000232   0.002300   0.003578
16  -0.000780   0.000425   0.001023   0.002224
31   0.000891  -0.000427   0.001399  -0.000469
70  -0.002528  -0.000039   0.000923   0.001986
2   -0.000270  -0.002089   0.000824   0.001306
26   0.000000   0.000000   0.000000   0.000000
3    0.000000   0.000000   0.000000   0.000000
71   0.000000   0.000000   0.000000   0.000000
76   0.000000   0.000000   0.000000   0.000000
77   0.000000   0.000000   0.000000   0.000000
60   0.000000   0.000000   0.000000   0.000000
52   0.000000   0.000000   0.000000   0.000000
58   0.000000   0.000000   0.000000   0.000000
55   0.000000   0.000000   0.000000   0.000000
19   0.000000   0.000000   0.000000   0.000000
84   0.000000   0.000000   0.000000   0.000000
34   0.000000   0.000000   0.000000   0.000000
18   0.000000   0.000000   0.000000   0.000000
83   0.000000   0.000000   0.000000   0.000000
38   0.000000   0.000000   0.000000   0.000000
41   0.000000   0.000000   0.000000   0.000000
44   0.000000   0.000000   0.000000   0.000000
47   0.000000   0.000000   0.000000   0.000000
82   0.000000   0.000000   0.000000   0.000000
10   0.000000   0.000000   0.000000   0.000000
79   0.000000   0.000000   0.000000   0.000000
21   0.000000   0.000000   0.000000   0.000000
78   0.000000   0.000000   0.000000   0.000000
63  -0.000008  -0.000813   0.001068   0.001859
53   0.000270   0.000194  -0.002070   0.002356
72   0.002590  -0.001317  -0.002050   0.001653
85  -0.000342  -0.002165  -0.002908   0.004266
54  -0.000452  -0.001239  -0.003009   0.004055
33   0.001980  -0.002050  -0.000739   0.003755
15  -0.001912   0.000194  -0.002377   0.004508
75   0.001432  -0.003170   0.000223   0.002415
49   0.000000   0.000000  -0.001968   0.000000
80  -0.001292  -0.001277  -0.000657   0.001146